initial matrix
MATRIX:
1.000000 2.000000 3.000000 4.000000 5.000000 6.000000 
7.000000 8.000000 9.000000 10.000000 11.000000 12.000000 
-3.000000 4.000000 -6.000000 -8.000000 -9.000000 10.000000 
5.000000 7.000000 -4.000000 -4.000000 -10.000000 -1.000000 
6.000000 8.000000 9.000000 12.000000 1.000000 -1.000000 

swapped 0 and 1
MATRIX:
7.000000 8.000000 9.000000 10.000000 11.000000 12.000000 
1.000000 2.000000 3.000000 4.000000 5.000000 6.000000 
-3.000000 4.000000 -6.000000 -8.000000 -9.000000 10.000000 
5.000000 7.000000 -4.000000 -4.000000 -10.000000 -1.000000 
6.000000 8.000000 9.000000 12.000000 1.000000 -1.000000 

row 0 /= 7.000000
MATRIX:
1.000000 1.142857 1.285714 1.428571 1.571429 1.714286 
1.000000 2.000000 3.000000 4.000000 5.000000 6.000000 
-3.000000 4.000000 -6.000000 -8.000000 -9.000000 10.000000 
5.000000 7.000000 -4.000000 -4.000000 -10.000000 -1.000000 
6.000000 8.000000 9.000000 12.000000 1.000000 -1.000000 

row 1 -= 1.000000 row 0
MATRIX:
1.000000 1.142857 1.285714 1.428571 1.571429 1.714286 
0.000000 0.857143 1.714286 2.571429 3.428571 4.285714 
-3.000000 4.000000 -6.000000 -8.000000 -9.000000 10.000000 
5.000000 7.000000 -4.000000 -4.000000 -10.000000 -1.000000 
6.000000 8.000000 9.000000 12.000000 1.000000 -1.000000 

row 2 -= -3.000000 row 0
MATRIX:
1.000000 1.142857 1.285714 1.428571 1.571429 1.714286 
0.000000 0.857143 1.714286 2.571429 3.428571 4.285714 
0.000000 7.428571 -2.142857 -3.714286 -4.285714 15.142857 
5.000000 7.000000 -4.000000 -4.000000 -10.000000 -1.000000 
6.000000 8.000000 9.000000 12.000000 1.000000 -1.000000 

row 3 -= 5.000000 row 0
MATRIX:
1.000000 1.142857 1.285714 1.428571 1.571429 1.714286 
0.000000 0.857143 1.714286 2.571429 3.428571 4.285714 
0.000000 7.428571 -2.142857 -3.714286 -4.285714 15.142857 
0.000000 1.285714 -10.428571 -11.142857 -17.857143 -9.571429 
6.000000 8.000000 9.000000 12.000000 1.000000 -1.000000 

row 4 -= 6.000000 row 0
MATRIX:
1.000000 1.142857 1.285714 1.428571 1.571429 1.714286 
0.000000 0.857143 1.714286 2.571429 3.428571 4.285714 
0.000000 7.428571 -2.142857 -3.714286 -4.285714 15.142857 
0.000000 1.285714 -10.428571 -11.142857 -17.857143 -9.571429 
0.000000 1.142857 1.285714 3.428571 -8.428571 -11.285714 

swapped 1 and 2
MATRIX:
1.000000 1.142857 1.285714 1.428571 1.571429 1.714286 
0.000000 7.428571 -2.142857 -3.714286 -4.285714 15.142857 
0.000000 0.857143 1.714286 2.571429 3.428571 4.285714 
0.000000 1.285714 -10.428571 -11.142857 -17.857143 -9.571429 
0.000000 1.142857 1.285714 3.428571 -8.428571 -11.285714 

row 1 /= 7.428571
MATRIX:
1.000000 1.142857 1.285714 1.428571 1.571429 1.714286 
0.000000 1.000000 -0.288462 -0.500000 -0.576923 2.038462 
0.000000 0.857143 1.714286 2.571429 3.428571 4.285714 
0.000000 1.285714 -10.428571 -11.142857 -17.857143 -9.571429 
0.000000 1.142857 1.285714 3.428571 -8.428571 -11.285714 

row 0 -= 1.142857 row 1
MATRIX:
1.000000 0.000000 1.615385 2.000000 2.230769 -0.615385 
0.000000 1.000000 -0.288462 -0.500000 -0.576923 2.038462 
0.000000 0.857143 1.714286 2.571429 3.428571 4.285714 
0.000000 1.285714 -10.428571 -11.142857 -17.857143 -9.571429 
0.000000 1.142857 1.285714 3.428571 -8.428571 -11.285714 

row 2 -= 0.857143 row 1
MATRIX:
1.000000 0.000000 1.615385 2.000000 2.230769 -0.615385 
0.000000 1.000000 -0.288462 -0.500000 -0.576923 2.038462 
0.000000 0.000000 1.961538 3.000000 3.923077 2.538462 
0.000000 1.285714 -10.428571 -11.142857 -17.857143 -9.571429 
0.000000 1.142857 1.285714 3.428571 -8.428571 -11.285714 

row 3 -= 1.285714 row 1
MATRIX:
1.000000 0.000000 1.615385 2.000000 2.230769 -0.615385 
0.000000 1.000000 -0.288462 -0.500000 -0.576923 2.038462 
0.000000 0.000000 1.961538 3.000000 3.923077 2.538462 
0.000000 0.000000 -10.057692 -10.500000 -17.115385 -12.192308 
0.000000 1.142857 1.285714 3.428571 -8.428571 -11.285714 

row 4 -= 1.142857 row 1
MATRIX:
1.000000 0.000000 1.615385 2.000000 2.230769 -0.615385 
0.000000 1.000000 -0.288462 -0.500000 -0.576923 2.038462 
0.000000 0.000000 1.961538 3.000000 3.923077 2.538462 
0.000000 0.000000 -10.057692 -10.500000 -17.115385 -12.192308 
0.000000 0.000000 1.615385 4.000000 -7.769231 -13.615385 

swapped 2 and 3
MATRIX:
1.000000 0.000000 1.615385 2.000000 2.230769 -0.615385 
0.000000 1.000000 -0.288462 -0.500000 -0.576923 2.038462 
0.000000 0.000000 -10.057692 -10.500000 -17.115385 -12.192308 
0.000000 0.000000 1.961538 3.000000 3.923077 2.538462 
0.000000 0.000000 1.615385 4.000000 -7.769231 -13.615385 

row 2 /= -10.057692
MATRIX:
1.000000 0.000000 1.615385 2.000000 2.230769 -0.615385 
0.000000 1.000000 -0.288462 -0.500000 -0.576923 2.038462 
0.000000 0.000000 1.000000 1.043977 1.701721 1.212237 
0.000000 0.000000 1.961538 3.000000 3.923077 2.538462 
0.000000 0.000000 1.615385 4.000000 -7.769231 -13.615385 

row 0 -= 1.615385 row 2
MATRIX:
1.000000 0.000000 0.000000 0.313576 -0.518164 -2.573614 
0.000000 1.000000 -0.288462 -0.500000 -0.576923 2.038462 
0.000000 0.000000 1.000000 1.043977 1.701721 1.212237 
0.000000 0.000000 1.961538 3.000000 3.923077 2.538462 
0.000000 0.000000 1.615385 4.000000 -7.769231 -13.615385 

row 1 -= -0.288462 row 2
MATRIX:
1.000000 0.000000 0.000000 0.313576 -0.518164 -2.573614 
0.000000 1.000000 0.000000 -0.198853 -0.086042 2.388145 
0.000000 0.000000 1.000000 1.043977 1.701721 1.212237 
0.000000 0.000000 1.961538 3.000000 3.923077 2.538462 
0.000000 0.000000 1.615385 4.000000 -7.769231 -13.615385 

row 3 -= 1.961538 row 2
MATRIX:
1.000000 0.000000 0.000000 0.313576 -0.518164 -2.573614 
0.000000 1.000000 0.000000 -0.198853 -0.086042 2.388145 
0.000000 0.000000 1.000000 1.043977 1.701721 1.212237 
0.000000 0.000000 0.000000 0.952199 0.585086 0.160612 
0.000000 0.000000 1.615385 4.000000 -7.769231 -13.615385 

row 4 -= 1.615385 row 2
MATRIX:
1.000000 0.000000 0.000000 0.313576 -0.518164 -2.573614 
0.000000 1.000000 0.000000 -0.198853 -0.086042 2.388145 
0.000000 0.000000 1.000000 1.043977 1.701721 1.212237 
0.000000 0.000000 0.000000 0.952199 0.585086 0.160612 
0.000000 0.000000 0.000000 2.313576 -10.518164 -15.573614 

swapped 3 and 4
MATRIX:
1.000000 0.000000 0.000000 0.313576 -0.518164 -2.573614 
0.000000 1.000000 0.000000 -0.198853 -0.086042 2.388145 
0.000000 0.000000 1.000000 1.043977 1.701721 1.212237 
0.000000 0.000000 0.000000 2.313576 -10.518164 -15.573614 
0.000000 0.000000 0.000000 0.952199 0.585086 0.160612 

row 3 /= 2.313576
MATRIX:
1.000000 0.000000 0.000000 0.313576 -0.518164 -2.573614 
0.000000 1.000000 0.000000 -0.198853 -0.086042 2.388145 
0.000000 0.000000 1.000000 1.043977 1.701721 1.212237 
0.000000 0.000000 0.000000 1.000000 -4.546281 -6.731405 
0.000000 0.000000 0.000000 0.952199 0.585086 0.160612 

row 0 -= 0.313576 row 3
MATRIX:
1.000000 0.000000 0.000000 0.000000 0.907438 -0.462810 
0.000000 1.000000 0.000000 -0.198853 -0.086042 2.388145 
0.000000 0.000000 1.000000 1.043977 1.701721 1.212237 
0.000000 0.000000 0.000000 1.000000 -4.546281 -6.731405 
0.000000 0.000000 0.000000 0.952199 0.585086 0.160612 

row 1 -= -0.198853 row 3
MATRIX:
1.000000 0.000000 0.000000 0.000000 0.907438 -0.462810 
0.000000 1.000000 0.000000 0.000000 -0.990083 1.049587 
0.000000 0.000000 1.000000 1.043977 1.701721 1.212237 
0.000000 0.000000 0.000000 1.000000 -4.546281 -6.731405 
0.000000 0.000000 0.000000 0.952199 0.585086 0.160612 

row 2 -= 1.043977 row 3
MATRIX:
1.000000 0.000000 0.000000 0.000000 0.907438 -0.462810 
0.000000 1.000000 0.000000 0.000000 -0.990083 1.049587 
0.000000 0.000000 1.000000 0.000000 6.447934 8.239669 
0.000000 0.000000 0.000000 1.000000 -4.546281 -6.731405 
0.000000 0.000000 0.000000 0.952199 0.585086 0.160612 

row 4 -= 0.952199 row 3
MATRIX:
1.000000 0.000000 0.000000 0.000000 0.907438 -0.462810 
0.000000 1.000000 0.000000 0.000000 -0.990083 1.049587 
0.000000 0.000000 1.000000 0.000000 6.447934 8.239669 
0.000000 0.000000 0.000000 1.000000 -4.546281 -6.731405 
0.000000 0.000000 0.000000 0.000000 4.914050 6.570248 

swapped 4 and 4
MATRIX:
1.000000 0.000000 0.000000 0.000000 0.907438 -0.462810 
0.000000 1.000000 0.000000 0.000000 -0.990083 1.049587 
0.000000 0.000000 1.000000 0.000000 6.447934 8.239669 
0.000000 0.000000 0.000000 1.000000 -4.546281 -6.731405 
0.000000 0.000000 0.000000 0.000000 4.914050 6.570248 

row 4 /= 4.914050
MATRIX:
1.000000 0.000000 0.000000 0.000000 0.907438 -0.462810 
0.000000 1.000000 0.000000 0.000000 -0.990083 1.049587 
0.000000 0.000000 1.000000 0.000000 6.447934 8.239669 
0.000000 0.000000 0.000000 1.000000 -4.546281 -6.731405 
0.000000 0.000000 0.000000 0.000000 1.000000 1.337033 

row 0 -= 0.907438 row 4
MATRIX:
1.000000 0.000000 0.000000 0.000000 0.000000 -1.676085 
0.000000 1.000000 0.000000 0.000000 -0.990083 1.049587 
0.000000 0.000000 1.000000 0.000000 6.447934 8.239669 
0.000000 0.000000 0.000000 1.000000 -4.546281 -6.731405 
0.000000 0.000000 0.000000 0.000000 1.000000 1.337033 

row 1 -= -0.990083 row 4
MATRIX:
1.000000 0.000000 0.000000 0.000000 0.000000 -1.676085 
0.000000 1.000000 0.000000 0.000000 0.000000 2.373360 
0.000000 0.000000 1.000000 0.000000 6.447934 8.239669 
0.000000 0.000000 0.000000 1.000000 -4.546281 -6.731405 
0.000000 0.000000 0.000000 0.000000 1.000000 1.337033 

row 2 -= 6.447934 row 4
MATRIX:
1.000000 0.000000 0.000000 0.000000 0.000000 -1.676085 
0.000000 1.000000 0.000000 0.000000 0.000000 2.373360 
0.000000 0.000000 1.000000 0.000000 0.000000 -0.381433 
0.000000 0.000000 0.000000 1.000000 -4.546281 -6.731405 
0.000000 0.000000 0.000000 0.000000 1.000000 1.337033 

row 3 -= -4.546281 row 4
MATRIX:
1.000000 0.000000 0.000000 0.000000 0.000000 -1.676085 
0.000000 1.000000 0.000000 0.000000 0.000000 2.373360 
0.000000 0.000000 1.000000 0.000000 0.000000 -0.381433 
0.000000 0.000000 0.000000 1.000000 0.000000 -0.652876 
0.000000 0.000000 0.000000 0.000000 1.000000 1.337033 

-1.676085 2.373360 -0.381433 -0.652876 1.337033 
